Top: 151.875
Bottom: 343.2857208251953
Left: 20
Right: 1078.2857666015625